<!DOCTYPE svg PUBLIC "-//W3C//DTD SVG 20010904//EN" "http://www.w3.org/TR/2001/REC-SVG-20010904/DTD/svg10.dtd">
<svg version="1.0" xmlns="http://www.w3.org/2000/svg" width="1000px" height="1000px" viewBox="0 0 10000 10000" preserveAspectRatio="xMidYMid meet">
<g id="layer101" fill="#000000" stroke="none">
 <path d="M0 5000 l0 -5000 5000 0 5000 0 0 5000 0 5000 -5000 0 -5000 0 0 -5000z"/>
 </g>
<g id="layer102" fill="#ffffff" stroke="none">
 <path d="M4753 9489 c-832 -43 -1662 -331 -2341 -813 -375 -265 -739 -618 -1011 -980 -951 -1265 -1162 -2937 -557 -4415 316 -771 869 -1462 1568 -1957 1143 -811 2626 -1036 3968 -602 489 158 973 413 1369 722 990 771 1608 1895 1726 3140 20 208 20 624 0 832 -189 1985 -1646 3602 -3600 3993 -206 42 -425 69 -656 81 -212 11 -242 11 -466 -1z m717 -94 c887 -101 1673 -435 2355 -999 138 -114 437 -410 546 -541 585 -699 924 -1494 1026 -2407 23 -212 23 -684 0 -896 -102 -913 -441 -1708 -1026 -2407 -109 -131 -408 -427 -546 -541 -611 -505 -1323 -833 -2090 -962 -266 -45 -406 -56 -735 -56 -336 0 -468 10 -760 60 -1038 175 -2016 753 -2685 1587 -765 953 -1099 2158 -934 3370 170 1253 877 2374 1944 3084 641 427 1372 671 2175 727 121 8 601 -4 730 -19z"/>
 <path d="M5043 8990 c-23 -9 -23 -12 -23 -190 0 -169 1 -180 19 -180 25 0 31 40 31 203 0 119 1 127 19 127 19 0 20 -8 18 -167 -2 -162 -1 -168 18 -168 19 0 20 8 23 180 2 160 1 181 -15 192 -19 15 -58 16 -90 3z"/>
 <path d="M4706 8977 c-26 -19 -18 -71 12 -75 18 -3 22 1 22 22 0 30 26 36 34 9 2 -10 8 -87 12 -170 7 -152 7 -153 30 -153 28 0 28 -9 13 206 -7 97 -15 162 -22 166 -19 12 -82 9 -101 -5z"/>
 <path d="M5359 8971 c0 -9 -8 -94 -17 -189 -10 -95 -16 -175 -13 -177 2 -3 12 -5 22 -5 19 0 21 11 39 215 6 66 13 130 15 141 4 17 -1 23 -20 26 -18 4 -25 1 -26 -11z"/>
 <path d="M4393 8948 c-13 -6 -23 -16 -23 -22 2 -52 49 -329 58 -338 15 -15 78 -14 97 2 8 7 15 28 15 46 0 30 -3 34 -26 34 -20 0 -25 -4 -22 -22 2 -15 -3 -24 -13 -26 -17 -3 -20 7 -34 110 -6 40 -5 47 13 52 25 8 18 46 -8 46 -12 0 -20 10 -24 31 -9 46 -8 49 14 49 13 0 20 -7 20 -20 0 -21 8 -24 32 -15 17 7 12 66 -6 77 -16 11 -67 8 -93 -4z"/>
 <path d="M5625 8941 c-17 -7 -24 -32 -48 -177 l-28 -169 22 -17 c25 -21 82 -24 96 -5 13 16 22 67 12 67 -4 0 -14 3 -23 6 -12 4 -16 0 -16 -15 0 -14 -6 -21 -20 -21 -24 0 -24 -7 3 155 18 104 26 130 40 133 12 3 17 -3 17 -21 0 -28 29 -45 42 -25 4 7 8 26 8 41 0 23 -7 31 -35 43 -39 16 -42 16 -70 5z"/>
 <path d="M4114 8897 c-2 -7 11 -78 31 -157 40 -165 41 -173 18 -168 -12 2 -24 33 -45 123 -43 180 -48 195 -63 195 -8 0 -17 -5 -20 -11 -4 -5 10 -80 31 -165 33 -133 36 -156 24 -164 -20 -12 -23 -5 -54 130 -40 174 -46 190 -61 190 -8 0 -17 -5 -20 -10 -3 -6 13 -91 37 -190 47 -196 42 -190 113 -165 22 8 50 15 61 15 12 0 32 8 45 19 l23 19 -32 139 c-46 198 -51 213 -68 213 -8 0 -17 -6 -20 -13z"/>
 <path d="M5950 8874 c-21 -6 -104 -332 -89 -350 18 -22 75 -37 97 -25 23 12 35 63 19 73 -19 12 -29 9 -34 -12 -5 -20 -27 -27 -37 -12 -3 5 4 43 15 85 16 58 24 74 36 70 8 -3 19 0 24 8 13 21 11 27 -10 34 -17 5 -18 10 -9 46 12 46 42 52 43 9 0 -38 36 -34 47 5 6 23 3 34 -10 47 -18 18 -66 30 -92 22z"/>
 <path d="M3718 8793 c-22 -5 -22 2 2 -68 16 -46 17 -60 8 -67 -22 -13 -24 -10 -43 52 -10 33 -23 60 -29 60 -35 -1 -32 -19 26 -187 59 -169 61 -173 89 -173 35 0 76 18 83 37 6 14 -99 331 -113 344 -3 3 -14 4 -23 2z m67 -253 c19 -57 22 -76 13 -81 -18 -12 -25 -2 -52 78 -22 65 -23 72 -8 76 9 2 18 3 20 2 1 -1 13 -35 27 -75z"/>
 <path d="M6254 8775 c-7 -18 3 -35 21 -35 15 0 28 27 19 41 -8 14 -34 11 -40 -6z"/>
 <path d="M6480 8668 c-99 -233 -120 -284 -120 -294 0 -20 51 -54 81 -54 22 0 32 7 45 31 13 26 14 33 2 40 -20 13 -38 11 -38 -6 0 -16 -25 -21 -34 -7 -3 5 20 68 50 140 42 98 60 129 71 125 9 -4 13 -14 9 -28 -4 -15 -1 -25 10 -29 23 -9 22 -9 40 26 16 31 16 32 -10 55 -37 31 -93 32 -106 1z"/>
 <path d="M3344 8637 l-27 -23 71 -160 71 -159 36 1 c36 1 75 27 75 50 0 7 -4 24 -10 39 -8 22 -13 24 -30 15 -12 -6 -19 -19 -17 -33 5 -47 -27 -20 -57 47 -26 60 -28 69 -14 77 25 14 11 50 -16 43 -17 -4 -25 1 -34 21 -16 34 -15 52 2 58 9 4 17 -2 21 -14 7 -21 13 -23 34 -10 12 8 12 14 1 40 -10 26 -18 31 -46 31 -20 0 -43 -9 -60 -23z"/>
 <path d="M6712 8398 c-90 -171 -90 -179 -18 -207 32 -12 39 -12 51 0 7 8 47 80 89 160 l77 147 -31 26 c-18 14 -44 26 -59 26 -26 0 -34 -12 -109 -152z m138 91 c0 -5 -30 -66 -66 -134 -47 -89 -69 -122 -80 -118 -18 7 -19 4 17 76 62 124 101 187 115 187 8 0 14 -5 14 -11z"/>
 <path d="M3101 8521 c-12 -8 -8 -22 23 -80 34 -66 39 -91 16 -91 -5 0 -27 31 -47 70 -38 70 -46 77 -71 61 -10 -6 8 -46 74 -167 48 -87 90 -163 94 -167 9 -10 80 24 99 46 10 13 6 28 -24 86 -19 39 -40 71 -45 71 -6 0 -10 7 -10 15 0 19 -79 165 -88 165 -4 0 -13 -4 -21 -9z m114 -244 c29 -50 31 -63 10 -71 -11 -4 -23 9 -40 45 -24 47 -26 69 -5 69 5 0 21 -20 35 -43z"/>
 <path d="M6996 8247 c-54 -83 -98 -156 -98 -162 0 -5 18 -20 41 -31 22 -12 52 -31 67 -43 54 -43 66 -34 170 125 89 137 104 174 71 174 -7 0 -53 -61 -101 -135 -48 -74 -92 -135 -96 -135 -26 0 -16 31 36 108 127 192 125 187 103 200 -18 12 -27 1 -110 -127 -62 -94 -96 -138 -105 -134 -8 3 -14 9 -14 13 0 4 39 67 86 139 81 123 96 161 62 161 -7 0 -57 -69 -112 -153z"/>
 <path d="M2793 8335 c-18 -8 -38 -25 -44 -38 -10 -22 -1 -38 83 -165 98 -149 105 -154 158 -127 37 19 46 49 26 80 -18 27 -24 29 -45 16 -12 -8 -12 -12 -2 -25 14 -16 7 -36 -12 -36 -7 0 -47 53 -89 117 -61 93 -75 120 -65 131 9 12 14 11 28 -7 14 -17 19 -18 34 -7 18 13 17 15 -4 45 -25 35 -25 35 -68 16z"/>
 <path d="M4850 8199 c-622 -26 -1250 -251 -1753 -627 -695 -520 -1137 -1261 -1268 -2122 -21 -137 -24 -190 -24 -460 0 -354 15 -489 90 -785 332 -1319 1449 -2280 2810 -2416 163 -16 496 -13 660 6 514 60 985 229 1405 506 817 538 1336 1391 1441 2369 15 148 15 492 0 640 -105 978 -624 1831 -1441 2369 -566 373 -1216 549 -1920 520z m547 -94 c351 -44 664 -137 978 -290 466 -226 854 -549 1167 -972 261 -350 457 -791 543 -1218 49 -241 59 -353 59 -635 0 -282 -10 -394 -59 -635 -69 -345 -217 -714 -410 -1025 -241 -388 -607 -754 -1005 -1003 -381 -239 -810 -392 -1278 -454 -180 -24 -589 -23 -767 1 -699 95 -1304 386 -1798 865 -518 503 -837 1144 -933 1876 -24 179 -24 571 0 750 95 731 416 1375 932 1875 541 524 1213 824 1979 884 103 8 475 -4 592 -19z"/>
 <path d="M3624 7500 c-52 -21 -54 -33 -54 -338 l0 -284 29 -29 29 -29 276 0 c158 0 286 4 301 10 51 19 56 54 53 351 l-3 269 -28 27 -27 28 -278 2 c-152 1 -287 -2 -298 -7z m546 -235 c0 -154 0 -155 -23 -155 -21 0 -22 4 -22 58 -1 208 -276 286 -392 111 -21 -31 -28 -57 -31 -105 -4 -60 -6 -64 -28 -64 l-24 0 0 155 0 155 260 0 260 0 0 -155z m-182 5 c34 -21 62 -72 62 -112 0 -56 -75 -128 -133 -128 -72 0 -137 62 -137 130 1 103 118 165 208 110z m177 -305 l0 -60 -60 0 -60 0 -3 49 c-5 73 -1 77 65 74 l58 -3 0 -60z"/>
 <path d="M4463 7491 l-43 -20 0 -309 0 -308 35 -17 c45 -21 117 -22 161 -1 33 16 34 17 34 80 l0 64 -40 0 -40 0 0 -40 c0 -39 -1 -40 -35 -40 l-35 0 0 259 c0 244 1 260 19 266 34 11 51 -4 51 -47 l0 -39 38 3 37 3 3 62 c3 60 2 62 -27 78 -51 26 -111 28 -158 6z"/>
 <path d="M4835 7497 c-3 -6 -4 -161 -3 -342 l3 -330 93 -3 c87 -3 94 -1 117 22 24 24 25 30 25 148 0 95 -4 129 -15 146 -14 19 -14 24 0 45 13 20 15 52 13 173 l-3 149 -37 3 -38 3 0 -150 0 -151 -40 0 -40 0 0 150 0 150 -35 0 c-20 0 -38 -6 -40 -13z m155 -487 l0 -110 -40 0 -40 0 0 110 0 110 40 0 40 0 0 -110z"/>
 <path d="M5293 7491 l-43 -20 0 -306 0 -305 33 -20 c40 -25 116 -26 163 -4 33 16 34 17 34 80 l0 64 -40 0 -40 0 0 -40 c0 -39 -1 -40 -35 -40 l-35 0 0 145 0 145 35 0 c34 0 35 1 35 40 0 39 -1 40 -35 40 l-35 0 0 74 c0 64 3 75 19 81 34 11 51 -4 51 -47 l0 -39 38 3 37 3 3 62 c3 60 2 62 -27 78 -51 26 -111 28 -158 6z"/>
 <path d="M5670 7182 l0 -330 40 -16 c22 -9 54 -16 70 -16 16 0 48 7 70 16 l40 16 0 330 0 329 -37 -3 -38 -3 -3 -112 -3 -113 -29 0 -29 0 -3 113 -3 112 -37 3 -38 3 0 -329z m140 -132 l0 -150 -30 0 -30 0 0 150 0 150 30 0 30 0 0 -150z"/>
 <path d="M6080 7164 l0 -347 83 7 c87 7 101 8 175 4 26 -1 61 5 77 13 l30 14 3 328 2 328 -37 -3 -38 -3 -3 -296 c-2 -312 -4 -319 -47 -303 -12 5 -15 51 -17 303 l-3 296 -37 3 -38 3 0 -299 0 -300 -22 -6 c-50 -13 -48 -25 -48 299 l0 305 -40 0 -40 0 0 -346z"/>
 <path d="M4700 7460 l0 -40 40 0 40 0 0 40 0 40 -40 0 -40 0 0 -40z"/>
 <path d="M5120 7460 l0 -40 40 0 40 0 0 40 0 40 -40 0 -40 0 0 -40z"/>
 <path d="M5530 7460 l0 -40 40 0 40 0 0 40 0 40 -40 0 -40 0 0 -40z"/>
 <path d="M5950 7460 l0 -40 40 0 40 0 0 40 0 40 -40 0 -40 0 0 -40z"/>
 <path d="M3470 6330 l0 -210 25 0 25 0 0 210 0 210 -25 0 -25 0 0 -210z"/>
 <path d="M4065 6533 c-40 -10 -45 -22 -45 -119 0 -103 6 -114 70 -114 64 0 70 10 70 119 l0 99 -31 11 c-18 6 -35 10 -38 10 -3 -1 -15 -4 -26 -6z m43 -116 c3 -62 1 -67 -18 -67 -18 0 -20 6 -20 63 0 35 3 67 7 71 17 17 28 -6 31 -67z"/>
 <path d="M6410 6445 c0 -95 0 -95 -25 -95 -20 0 -25 -5 -25 -25 0 -20 5 -25 25 -25 21 0 25 -5 25 -30 0 -25 4 -30 25 -30 21 0 25 5 25 30 0 25 4 30 25 30 20 0 25 5 25 25 0 20 -5 25 -25 25 -25 0 -25 0 -25 95 0 95 0 95 -25 95 -25 0 -25 0 -25 -95z"/>
 <path d="M2968 6523 c-16 -4 -18 -22 -18 -193 0 -177 1 -190 19 -200 11 -5 34 -10 51 -10 52 0 70 15 70 61 0 36 -2 40 -22 37 -15 -2 -24 -11 -26 -25 -2 -15 -10 -23 -23 -23 -18 0 -19 9 -19 155 0 146 1 155 19 155 13 0 21 -8 23 -22 2 -15 11 -24 26 -26 20 -3 22 1 22 41 0 32 -5 47 -16 51 -17 7 -79 6 -106 -1z"/>
 <path d="M3228 6519 c-14 -8 -18 -23 -18 -64 0 -54 0 -54 37 -64 20 -6 40 -8 45 -5 4 3 8 -4 8 -15 0 -14 -6 -21 -20 -21 -11 0 -20 5 -20 10 0 6 -11 10 -25 10 -20 0 -25 -5 -25 -25 0 -31 39 -49 88 -41 57 9 62 19 62 117 0 87 -1 90 -26 99 -33 13 -84 12 -106 -1z m72 -59 c0 -13 -7 -20 -20 -20 -13 0 -20 7 -20 20 0 13 7 20 20 20 13 0 20 -7 20 -20z"/>
 <path d="M3640 6415 l0 -115 25 0 25 0 0 115 0 115 -25 0 -25 0 0 -115z"/>
 <path d="M3810 6336 l0 -194 31 -11 c18 -6 45 -11 60 -11 24 0 29 4 29 24 0 21 -6 25 -32 28 l-33 3 -3 83 c-3 77 -2 82 18 82 16 0 20 6 20 30 0 23 -4 30 -20 30 -18 0 -20 7 -20 65 0 63 -1 65 -25 65 l-25 0 0 -194z"/>
 <path d="M4280 6427 c0 -101 1 -104 25 -115 14 -7 41 -12 60 -12 31 0 35 3 35 25 0 22 -4 25 -35 25 l-35 0 0 90 c0 89 0 90 -25 90 l-25 0 0 -103z"/>
 <path d="M4510 6415 l0 -115 45 0 c24 0 56 5 70 12 24 11 25 14 25 115 l0 103 -25 0 c-25 0 -25 -1 -25 -90 0 -83 -1 -90 -20 -90 -19 0 -20 7 -20 90 0 89 0 90 -25 90 l-25 0 0 -115z"/>
 <path d="M4760 6415 l0 -115 30 0 30 0 0 115 0 115 -30 0 -30 0 0 -115z"/>
 <path d="M4953 6520 c-20 -8 -23 -17 -23 -59 0 -55 14 -70 70 -74 21 -1 30 -7 30 -19 0 -19 -34 -25 -45 -8 -10 16 -45 12 -52 -7 -15 -39 66 -67 122 -41 24 11 25 14 25 104 0 82 -2 95 -19 104 -24 12 -78 12 -108 0z m77 -60 c0 -13 -7 -20 -20 -20 -13 0 -20 7 -20 20 0 13 7 20 20 20 13 0 20 -7 20 -20z"/>
 <path d="M5418 6519 c-16 -9 -18 -29 -18 -194 0 -205 0 -205 70 -205 52 0 70 15 70 61 0 36 -2 40 -22 37 -15 -2 -24 -11 -26 -25 -2 -15 -10 -23 -23 -23 -18 0 -19 9 -19 155 0 146 1 155 19 155 13 0 21 -8 23 -22 2 -15 11 -24 26 -26 20 -3 22 1 22 41 0 32 -5 47 -16 51 -24 9 -87 7 -106 -5z"/>
 <path d="M5660 6425 c0 -104 0 -106 26 -115 14 -6 41 -10 60 -10 30 0 34 3 34 25 0 22 -4 25 -35 25 l-35 0 0 90 c0 89 0 90 -25 90 l-25 0 0 -105z"/>
 <path d="M5908 6523 c-15 -4 -18 -16 -18 -63 l0 -59 37 -10 c20 -6 40 -8 45 -5 4 3 8 -4 8 -15 0 -14 -6 -21 -20 -21 -11 0 -20 5 -20 10 0 6 -12 10 -26 10 -22 0 -25 -4 -22 -27 4 -34 51 -51 101 -37 l32 10 3 94 c2 80 0 97 -15 107 -16 13 -70 15 -105 6z m72 -63 c0 -13 -7 -20 -20 -20 -13 0 -20 7 -20 20 0 13 7 20 20 20 13 0 20 -7 20 -20z"/>
 <path d="M6150 6336 l0 -194 31 -11 c18 -6 45 -11 60 -11 24 0 29 4 29 24 0 21 -6 25 -32 28 l-33 3 -3 83 c-3 77 -2 82 18 82 16 0 20 6 20 30 0 23 -4 30 -20 30 -18 0 -20 7 -20 65 0 63 -1 65 -25 65 l-25 0 0 -194z"/>
 <path d="M6638 6519 c-15 -8 -18 -25 -18 -104 l0 -94 39 -12 c29 -9 47 -9 75 1 35 11 36 13 36 64 0 47 -3 54 -25 64 -14 7 -37 12 -50 12 -16 0 -25 6 -25 15 0 9 9 15 25 15 14 0 25 -4 25 -10 0 -5 11 -10 25 -10 20 0 25 5 25 25 0 14 -8 29 -19 35 -25 13 -91 13 -113 -1z m80 -141 c-2 -15 -10 -23 -23 -23 -13 0 -21 8 -23 23 -3 18 1 22 23 22 22 0 26 -4 23 -22z"/>
 <path d="M6903 6520 c-21 -9 -23 -15 -23 -98 0 -100 5 -109 64 -119 l36 -6 0 -88 c0 -88 0 -89 25 -89 l25 0 0 195 c0 182 -1 195 -19 205 -24 12 -78 12 -108 0z m77 -105 c0 -58 -2 -65 -20 -65 -18 0 -20 7 -20 65 0 58 2 65 20 65 18 0 20 -7 20 -65z"/>
 <path d="M3640 6265 c0 -20 5 -25 25 -25 20 0 25 5 25 25 0 20 -5 25 -25 25 -20 0 -25 -5 -25 -25z"/>
 <path d="M4760 6265 c0 -21 5 -25 30 -25 25 0 30 4 30 25 0 21 -5 25 -30 25 -25 0 -30 -4 -30 -25z"/>
 <path d="M2510 5833 c-50 -8 -126 -36 -177 -65 l-53 -29 0 -825 0 -824 48 -31 c71 -45 164 -70 259 -71 98 0 169 19 246 67 l57 37 0 159 0 159 -105 0 -105 0 0 -99 c0 -81 -3 -100 -16 -105 -20 -8 -138 -8 -158 0 -14 6 -16 77 -16 705 0 657 1 700 17 706 24 9 112 9 146 0 l27 -7 0 -106 0 -105 103 3 102 3 3 167 2 167 -61 31 c-105 54 -230 78 -319 63z"/>
 <path d="M3395 5828 c-3 -7 -4 -420 -3 -918 l3 -905 240 -3 c232 -2 242 -2 285 20 33 17 51 35 68 68 21 43 22 52 22 366 0 177 -3 336 -6 354 -4 17 -21 47 -39 65 l-32 34 29 28 c16 15 33 43 39 63 6 22 9 183 7 435 l-3 400 -100 0 -100 0 -3 -407 -2 -408 -100 0 -100 0 0 410 0 410 -100 0 c-71 0 -102 -4 -105 -12z m405 -1318 l0 -300 -100 0 -100 0 0 300 0 300 100 0 100 0 0 -300z"/>
 <path d="M4700 5822 c-36 -10 -90 -31 -120 -47 l-55 -30 -3 -824 c-2 -627 1 -827 10 -838 16 -19 90 -56 157 -78 116 -38 285 -14 384 54 l47 32 0 159 0 160 -100 0 -100 0 0 -99 c0 -114 3 -111 -107 -111 -102 0 -93 -41 -93 406 l0 394 95 0 95 0 0 100 0 100 -95 0 -95 0 0 205 0 205 28 7 c15 4 47 7 72 7 25 0 57 -3 73 -7 l27 -7 0 -105 0 -105 100 0 100 0 0 169 0 169 -43 25 c-114 67 -263 90 -377 59z"/>
 <path d="M5630 4970 l0 -870 48 -31 c72 -46 163 -70 262 -70 100 0 170 19 237 64 l48 32 3 873 2 872 -100 0 -100 0 0 -310 0 -310 -95 0 -95 0 -2 308 -3 307 -102 3 -103 3 0 -871z m400 -359 l0 -390 -22 -7 c-29 -9 -142 -9 -157 0 -8 5 -11 122 -11 397 l0 389 95 0 95 0 0 -389z"/>
 <path d="M6740 4925 l0 -915 198 1 c157 0 208 4 252 17 52 17 57 17 110 -1 44 -15 76 -18 165 -15 118 4 169 20 240 74 l35 26 0 865 0 864 -102 -3 -103 -3 -3 -802 -2 -803 -25 -5 c-60 -12 -72 -13 -110 -7 l-40 7 -5 805 -5 805 -102 3 -103 3 0 -805 0 -804 -50 -11 c-28 -6 -71 -11 -95 -11 l-45 0 0 815 0 815 -105 0 -105 0 0 -915z"/>
 <path d="M3040 5715 l0 -105 100 0 100 0 0 105 0 105 -100 0 -100 0 0 -105z"/>
 <path d="M4160 5715 l0 -105 105 0 105 0 0 105 0 105 -105 0 -105 0 0 -105z"/>
 <path d="M5270 5715 l0 -105 105 0 105 0 0 105 0 105 -105 0 -105 0 0 -105z"/>
 <path d="M6380 5715 l0 -105 105 0 105 0 0 105 0 105 -105 0 -105 0 0 -105z"/>
 <path d="M4346 3634 c-5 -13 76 -100 309 -334 173 -174 315 -321 315 -325 0 -4 -144 -149 -319 -322 -306 -300 -343 -343 -294 -343 8 0 157 140 330 310 174 171 319 310 323 310 4 0 148 -142 319 -316 191 -192 319 -314 329 -312 8 2 17 9 19 15 3 7 -139 157 -314 334 l-318 321 324 318 c232 229 322 323 318 334 -4 9 -12 16 -20 16 -7 0 -157 -142 -334 -315 l-320 -314 -319 319 c-175 176 -324 320 -330 320 -7 0 -15 -7 -18 -16z"/>
 <path d="M4416 3134 c-11 -28 -6 -150 6 -162 7 -7 22 -12 35 -12 21 0 23 -4 23 -55 l0 -55 -36 0 c-28 0 -35 -3 -32 -17 5 -26 87 -31 105 -7 17 23 17 146 1 162 -7 7 -25 12 -40 12 -27 0 -28 1 -28 55 l0 55 40 0 c33 0 40 3 40 20 0 18 -7 20 -54 20 -40 0 -55 -4 -60 -16z"/>
 <path d="M4598 3143 c-16 -4 -18 -20 -18 -163 0 -170 0 -170 55 -170 55 0 55 0 55 170 0 155 0 158 -22 164 -25 6 -44 6 -70 -1z m52 -163 c0 -109 -2 -130 -15 -130 -13 0 -15 21 -15 130 0 109 2 130 15 130 13 0 15 -21 15 -130z"/>
 <path d="M5360 2965 c0 -158 1 -165 20 -165 19 0 20 7 20 165 0 158 -1 165 -20 165 -19 0 -20 -7 -20 -165z"/>
 <path d="M5540 3061 l0 -69 -35 -6 -35 -7 0 -89 c0 -83 1 -90 20 -90 18 0 20 7 20 75 0 60 3 75 15 75 12 0 15 -15 15 -75 0 -68 2 -75 20 -75 19 0 20 7 20 165 0 158 -1 165 -20 165 -18 0 -20 -7 -20 -69z"/>
 <path d="M2040 7413 c-86 -34 -89 -157 -5 -197 108 -52 208 91 121 173 -24 23 -87 36 -116 24z"/>
 <path d="M7857 7389 c-37 -28 -54 -88 -36 -124 55 -111 209 -77 209 46 0 22 -10 41 -34 65 -41 41 -97 47 -139 13z"/>
 <path d="M8327 7213 c-60 -36 -61 -38 -24 -87 14 -19 15 -19 51 2 l37 22 19 -32 c11 -18 18 -33 17 -34 -17 -14 -261 -164 -267 -164 -4 0 -16 13 -27 29 l-18 30 -33 -21 c-37 -23 -38 -29 -16 -64 9 -13 15 -26 13 -28 -2 -2 -33 -22 -68 -45 -61 -39 -65 -40 -83 -25 -26 25 -22 50 12 71 17 9 30 20 30 23 0 3 -9 20 -20 38 -21 34 -21 34 -47 17 -14 -10 -42 -27 -61 -38 -32 -19 -34 -23 -28 -60 10 -59 42 -113 83 -142 21 -14 41 -25 45 -25 10 0 547 337 567 356 11 10 11 21 1 64 -13 55 -55 112 -99 135 -25 12 -31 11 -84 -22z"/>
 <path d="M1501 7104 c-43 -38 -77 -118 -67 -157 5 -20 110 -88 119 -76 10 14 37 59 37 63 0 2 -16 14 -35 26 -34 21 -35 22 -20 51 9 16 20 29 25 29 19 0 490 -283 490 -294 0 -6 -7 -22 -16 -34 l-15 -22 -39 20 -39 20 -21 -36 c-12 -19 -21 -36 -19 -38 23 -16 112 -66 119 -66 19 0 93 75 107 107 7 18 13 49 13 70 l0 38 -284 168 c-157 92 -292 167 -300 167 -9 0 -34 -16 -55 -36z"/>
 <path d="M8340 6609 c-168 -72 -309 -134 -313 -138 -10 -10 19 -84 30 -78 47 28 588 247 598 243 13 -5 32 -53 24 -60 -2 -1 -136 -58 -297 -126 -161 -68 -295 -127 -297 -130 -2 -3 4 -22 13 -42 l17 -36 290 124 c159 68 295 126 302 128 15 6 49 -53 36 -64 -4 -4 -123 -56 -263 -115 -140 -59 -274 -116 -298 -126 l-42 -18 17 -36 c9 -19 21 -35 27 -35 11 0 667 277 675 285 8 8 -51 144 -71 161 -10 10 -18 29 -18 43 -1 61 -67 152 -109 150 -9 0 -153 -59 -321 -130z"/>
 <path d="M1245 6623 c-8 -20 -15 -38 -15 -42 0 -3 137 -62 304 -131 l304 -126 -23 -57 c-40 -98 -40 -95 1 -112 20 -8 39 -14 40 -12 14 14 93 222 87 228 -4 4 -160 70 -346 147 l-338 140 -14 -35z"/>
 <path d="M1062 6076 c-16 -19 -35 -51 -42 -71 -14 -43 -8 -112 12 -130 7 -6 156 -49 332 -94 308 -79 319 -81 338 -64 40 36 60 92 56 155 -2 31 -7 60 -10 63 -3 3 -142 41 -309 84 -167 43 -314 81 -325 85 -17 5 -28 -1 -52 -28z m321 -131 c139 -36 260 -68 270 -71 21 -7 24 -62 3 -70 -14 -6 -535 124 -550 137 -10 9 2 69 15 69 5 0 123 -29 262 -65z"/>
 <path d="M8665 5558 c-227 -29 -304 -43 -318 -56 -17 -15 -19 -26 -13 -89 3 -40 8 -90 12 -110 l6 -38 370 46 c203 26 371 49 374 51 2 3 -2 48 -9 101 -15 113 -31 138 -86 136 -20 -1 -171 -19 -336 -41z m331 -83 c3 -20 5 -37 3 -39 -2 -2 -130 -19 -284 -38 -204 -26 -282 -33 -287 -24 -12 18 -9 66 5 67 6 0 122 15 257 34 320 43 298 43 306 0z"/>
 <path d="M936 5517 c-4 -22 -5 -42 -2 -44 2 -2 148 -21 325 -41 l321 -36 0 -38 c0 -21 -2 -38 -5 -38 -2 0 -142 16 -309 35 -168 19 -314 35 -324 35 -15 0 -21 -9 -25 -37 -4 -20 -5 -39 -2 -41 7 -8 689 -83 703 -77 21 8 52 86 52 133 0 23 -6 57 -14 75 l-13 33 -204 23 c-112 13 -270 31 -351 40 l-146 17 -6 -39z"/>
 <path d="M8360 5002 l0 -39 152 -6 c83 -4 231 -7 330 -7 l178 0 0 -39 0 -38 -330 5 -330 5 0 -42 c0 -24 5 -43 13 -46 6 -2 175 -6 375 -7 l362 -3 0 87 c0 113 -17 153 -69 162 -20 3 -181 6 -358 6 l-323 0 0 -38z"/>
 <path d="M1113 4991 c-116 -3 -214 -8 -217 -11 -3 -3 -2 -52 2 -109 10 -152 -19 -142 382 -130 255 8 330 13 348 25 21 14 22 21 22 124 l0 110 -162 -2 c-90 -1 -258 -4 -375 -7z m447 -116 c0 -28 -4 -35 -22 -39 -13 -3 -141 -7 -285 -10 l-263 -6 0 40 0 39 118 4 c64 1 192 4 285 5 l167 2 0 -35z"/>
 <path d="M8362 4545 c-12 -15 -26 -42 -33 -62 -13 -42 -6 -131 13 -149 11 -11 633 -114 686 -114 15 0 21 8 24 38 3 20 4 38 3 40 -2 2 -629 102 -642 102 -5 0 -4 47 2 62 5 12 59 6 313 -34 169 -26 315 -48 324 -48 12 0 19 11 24 35 3 20 4 38 1 41 -3 3 -146 28 -319 55 -172 26 -327 51 -345 54 -25 5 -35 1 -51 -20z"/>
 <path d="M1543 4513 c-34 -4 -37 -10 -27 -61 6 -29 9 -30 48 -29 41 2 41 2 41 -33 l0 -34 -109 -19 c-117 -19 -126 -17 -126 29 0 36 -21 84 -42 95 -14 8 -62 3 -183 -17 -185 -30 -185 -30 -185 -125 0 -56 18 -105 47 -131 17 -16 27 -16 80 -7 l61 11 -5 36 c-7 47 -7 47 -52 43 -36 -2 -40 0 -46 29 -4 17 -5 33 -3 35 2 2 46 11 98 19 52 9 104 18 116 21 18 4 22 -2 32 -58 12 -65 29 -87 68 -87 50 0 319 52 326 63 29 46 17 150 -23 201 -21 27 -35 29 -116 19z"/>
 <path d="M8267 4074 c-38 -37 -61 -105 -54 -159 2 -25 6 -47 8 -49 2 -2 150 -47 328 -101 l325 -97 32 35 c41 44 59 107 47 162 l-8 40 -320 97 c-176 54 -323 98 -326 98 -4 0 -18 -12 -32 -26z m264 -133 c107 -32 227 -68 267 -80 76 -23 87 -37 58 -76 -13 -18 -20 -17 -187 34 -377 114 -369 111 -369 131 0 28 11 50 25 50 7 0 100 -26 206 -59z"/>
 <path d="M1555 3559 c-181 -82 -334 -150 -340 -152 -5 -2 11 -48 36 -103 61 -133 59 -133 230 -57 89 40 137 67 144 81 7 16 15 20 33 15 16 -4 69 15 175 63 84 37 154 69 156 71 7 5 -28 73 -38 73 -5 0 -73 -29 -152 -64 l-143 -65 -13 31 c-7 17 -13 34 -13 38 0 4 64 36 141 71 78 35 143 69 146 75 4 10 -23 75 -30 73 -1 0 -150 -68 -332 -150z m3 -132 c7 -18 12 -36 12 -39 0 -7 -210 -101 -214 -96 -2 1 -11 17 -20 35 l-16 32 50 22 c27 12 75 34 107 49 32 16 60 29 63 29 4 1 11 -14 18 -32z"/>
 <path d="M8087 3635 c-9 -20 -17 -38 -17 -41 0 -2 19 -13 43 -23 23 -11 91 -42 150 -70 l108 -50 -17 -33 c-9 -18 -17 -34 -19 -35 -1 -2 -69 28 -151 66 l-149 70 -18 -36 c-10 -19 -15 -39 -10 -43 10 -10 657 -310 667 -310 16 0 87 171 84 203 -3 30 -9 35 -123 91 -66 32 -138 61 -160 64 -22 3 -46 14 -55 24 -11 13 -299 158 -314 158 -1 0 -10 -16 -19 -35z m479 -275 l105 -49 -17 -33 c-9 -18 -17 -34 -19 -36 -1 -1 -50 21 -109 49 -88 41 -106 53 -101 67 4 9 10 25 12 35 3 9 10 17 15 17 5 0 56 -22 114 -50z"/>
 <path d="M1768 3077 c-158 -100 -290 -185 -293 -189 -4 -4 2 -23 14 -42 l22 -35 247 156 c136 86 260 164 277 174 27 17 31 17 47 2 10 -9 18 -24 18 -33 0 -12 -87 -73 -274 -190 l-274 -172 20 -35 c15 -24 25 -32 37 -28 9 3 146 88 304 188 l289 182 -6 38 c-10 59 -42 113 -83 142 -21 14 -42 25 -48 24 -5 0 -139 -82 -297 -182z"/>
 <path d="M7869 3213 l-22 -36 21 -16 c12 -9 58 -38 102 -66 43 -27 79 -55 80 -61 0 -7 -8 -22 -19 -35 l-18 -23 -104 67 -104 67 -22 -28 c-13 -15 -23 -31 -23 -37 0 -5 134 -96 297 -202 288 -186 298 -191 323 -178 60 31 116 123 108 176 -2 16 -79 71 -300 215 l-297 193 -22 -36z m512 -387 c11 -7 14 -17 9 -31 -18 -49 -30 -46 -167 44 l-133 86 20 33 20 32 117 -76 c65 -42 125 -82 134 -88z"/>
 <path d="M2101 2675 c-139 -119 -267 -227 -284 -241 l-30 -25 31 -31 30 -31 194 164 c106 90 219 186 251 213 58 50 59 50 75 30 10 -11 34 -40 55 -64 l37 -44 32 31 31 31 -77 91 c-43 50 -80 91 -84 91 -4 0 -121 -97 -261 -215z"/>
 <path d="M7358 2540 c-46 -14 -96 -49 -116 -83 -44 -71 -52 -57 184 -315 119 -130 224 -242 231 -249 17 -14 59 -3 107 27 38 23 64 58 77 102 7 27 3 35 -38 79 l-47 50 -30 -30 -30 -31 29 -30 29 -30 -24 -25 c-13 -14 -27 -25 -30 -25 -4 0 -74 73 -156 163 -82 89 -169 184 -194 211 l-45 48 30 25 29 26 58 -64 c50 -56 55 -66 42 -80 -12 -14 -10 -19 15 -43 l30 -28 45 37 c25 21 46 40 46 42 0 7 -204 231 -210 231 -3 0 -17 -3 -32 -8z"/>
 <path d="M2431 2270 c-158 -178 -221 -256 -221 -273 0 -55 100 -147 159 -147 21 0 100 76 101 97 0 6 -13 21 -30 33 l-30 21 -23 -27 c-25 -29 -54 -28 -73 4 -10 15 4 35 93 135 l104 117 32 -24 32 -23 28 33 27 32 -30 24 -30 23 58 63 c55 62 58 63 80 47 29 -21 28 -43 -3 -75 l-26 -27 35 -26 35 -27 45 52 45 51 -15 36 c-21 52 -73 100 -126 115 l-45 14 -222 -248z"/>
 <path d="M6973 2249 c-18 -12 -33 -23 -33 -25 0 -2 83 -124 184 -271 l185 -268 -21 -22 c-12 -13 -26 -23 -32 -23 -6 0 -94 122 -195 270 l-185 270 -30 -20 c-17 -10 -32 -23 -34 -28 -4 -14 408 -607 422 -607 28 0 142 92 159 128 l17 36 -191 278 c-105 153 -196 283 -202 290 -9 10 -19 8 -44 -8z"/>
 <path d="M3363 2002 c-18 -3 -51 -60 -173 -297 -82 -162 -150 -299 -150 -304 0 -27 74 -91 119 -105 75 -22 97 -13 131 54 l29 57 -36 17 c-38 18 -57 11 -68 -25 -7 -22 -33 -25 -60 -5 -18 13 -16 20 49 147 38 74 72 138 77 143 5 5 19 2 33 -8 14 -9 29 -16 34 -16 8 0 46 70 40 75 -2 1 -18 10 -36 19 l-32 17 37 69 c39 72 54 81 88 56 19 -14 19 -15 2 -51 -10 -21 -17 -38 -15 -39 2 -1 15 -10 30 -19 15 -9 31 -17 36 -17 9 0 62 104 62 124 0 14 -83 96 -97 96 -5 0 -24 4 -43 8 -19 4 -45 6 -57 4z"/>
 <path d="M6557 1994 l-27 -15 26 -52 c36 -70 225 -432 280 -534 l45 -82 34 20 c19 12 35 24 35 27 -1 21 -340 647 -351 649 -8 1 -26 -4 -42 -13z"/>
 <path d="M6279 1863 l-36 -15 44 -115 c26 -69 41 -119 35 -125 -5 -5 -22 -10 -37 -11 -28 -2 -30 2 -72 110 l-44 112 -37 -13 c-20 -8 -36 -20 -36 -27 1 -12 253 -678 260 -687 6 -9 74 23 74 34 0 10 -58 166 -131 352 -8 20 -5 25 27 38 20 8 37 14 39 12 1 -2 33 -84 70 -183 37 -99 71 -183 75 -188 5 -6 65 8 78 18 4 4 -258 689 -266 696 -4 3 -23 0 -43 -8z"/>
 <path d="M3782 1822 c-3 -9 -59 -168 -123 -352 l-117 -335 37 -17 c20 -9 39 -14 42 -10 3 4 50 135 104 292 54 157 102 295 106 307 8 21 11 22 36 11 15 -6 31 -14 35 -18 4 -3 -39 -141 -97 -305 -58 -165 -105 -305 -105 -311 0 -9 70 -38 76 -31 1 1 53 151 116 332 93 266 113 334 104 348 -15 25 -60 51 -139 81 -62 23 -68 24 -75 8z"/>
 <path d="M5738 1693 c-10 -2 -18 -11 -18 -18 0 -7 29 -139 64 -292 35 -153 67 -292 71 -310 6 -30 4 -33 -27 -41 -31 -8 -33 -11 -31 -47 2 -21 5 -40 7 -42 5 -6 225 43 233 51 3 3 2 21 -1 41 -7 36 -8 37 -49 33 l-41 -3 -73 315 c-40 173 -73 316 -73 318 0 3 -43 0 -62 -5z"/>
 <path d="M4250 1667 c-23 -12 -28 -31 -88 -337 -42 -212 -61 -330 -55 -340 5 -8 29 -25 54 -38 35 -19 56 -23 102 -19 31 2 62 8 68 14 6 6 17 38 24 71 12 58 11 61 -9 66 -50 13 -65 7 -72 -29 -6 -32 -9 -35 -40 -35 -18 0 -35 3 -38 8 -2 4 6 59 19 122 12 63 26 132 29 154 7 38 8 38 46 32 33 -5 38 -3 44 17 12 46 7 67 -16 67 -46 0 -50 10 -33 89 8 40 15 75 15 77 0 3 15 4 33 2 31 -3 32 -4 30 -49 -1 -45 0 -47 29 -53 52 -10 54 -8 67 61 11 62 11 68 -6 81 -61 47 -152 65 -203 39z"/>
 <path d="M5273 1623 c-18 -3 -21 -10 -18 -31 2 -15 9 -88 16 -162 10 -125 10 -135 -6 -145 -10 -5 -28 -19 -40 -30 l-22 -20 16 -185 16 -185 40 3 c22 2 42 5 44 7 1 2 -3 76 -11 164 -15 174 -16 171 38 171 13 0 24 -5 24 -11 0 -22 21 -255 26 -286 5 -31 8 -33 44 -33 40 0 40 0 40 38 -1 20 -7 106 -15 191 -14 161 -16 166 -67 177 -30 7 -33 17 -43 159 -3 44 -8 104 -11 133 -7 55 -9 57 -71 45z"/>
 <path d="M4696 1578 c-6 -45 -36 -620 -36 -674 l0 -32 98 -4 c100 -5 136 3 147 31 4 9 11 77 15 151 7 104 5 141 -5 162 -10 22 -10 29 2 40 10 10 17 58 23 159 14 218 18 199 -34 199 l-44 0 -7 -166 c-7 -162 -8 -166 -29 -160 -11 3 -29 6 -40 6 -17 0 -18 8 -11 165 l7 165 -40 0 c-40 0 -41 0 -46 -42z m140 -470 c-3 -50 -6 -107 -6 -126 0 -34 0 -34 -37 -27 -21 4 -40 8 -42 10 -1 2 0 56 4 119 l7 116 41 0 40 0 -7 -92z"/>
 </g>

</svg>
